724 Ι EPISTOLAE Mlx‘rAE—442

ni 16013 06 11311131501116 611οε 006 61 11121656 1161106016 10 006 161
613 1113110300. Y 06Ζ161100 000 11600 006 61 1657 1151516113 006 10-
031713 0060356 61 600 61 63100; 1651100010, 006 611 11100110 modo*
10 113013 06 1011131. Μ35 10600 60 610110 013, 60 006 000 1.,6011
16013 06 571 [3] dar conta al 1657, 16 6101160303 Μ110. 811000 [311
110061 6116611110065, 06216000, 006 3170 00 651303 (161106510 06-
11100106131, 113513 61 aplazimiento (161 1657, y que 3170 613 00110300
3 01160666116; y finalmente, 00603000 1001 31111005,16 01Χο 006 510-
01356 61 6350, 51 613 0111103οο 0 00, 616., y 16 17100 131011160 3 60111--
1110111631· 006 63053 56 1161503013 31761 sido 13 (16 511 06110515100,
06613130001610 (1116 611 Roma avia 1135300, 600113113000 616113,
16013 06 135 60051110110065, 110 366113000, 1101 salta de 6011061-
1016010, 135 630535 006 3 11366110 1130 11100100 3 V. Ρ. F inalmente
que (1011 11600 1700 06 571 31 1657, 60100 61 Ρ. Μ110. Μ1100 16 avia.
escriptO, y 01016 13 63113 06 V. Ρ., 1101006, 3170006 113111303 60 61
(10101 Το116Ζ, 573 06110 31713 5100 31715300 1101 Luis Gonza'tleZ, mos-
11300016- 1311111160 13 11316016 06 Μ110. 811110οε 16570 S. A. todo, y·
1651100010 0116 6513113 bien 1166110, y que 3 Μ110. 811000 0111656 16
161113 1001 3 111611 10 006 116Ζ1613 60 36611131 1311 5030610601613
obediencia 06 V. Ρ., 57 31 Ρ. Μ110. Μ1100 0111656 (1101006 50110 06
13 63113 006 16 31713 656111110 60 006 10300303 3 000 [600 56 176-
01656 10600 3 (3011111113 6011 13 16006513 06 Μ110. 8110011, 571316570),
006 56 11010303 1006110 006 61 1001656 6163100, y 006 1000 10 006
10656 1166653110 3 13 (3010113013 56 10 10300356 116011, y que ansi

56 10 10300303 ¹.
Το10300 0011 Lebn, 601000160 3 Μ110. 81111011 10 00616 11316610

0666553110. Respondiffle 006 1000 651303 11160, 006 00 1131113 11135.
006 hazer 06 606010600316056 3 Dios 0065110 56001. ΕΙ 5613 1101
1000 11600110 57 31311300 11313 5161111116 1311135.

[0600 61 0110 013 56 1131110 (1011 11600 600 13 1651106513 06-
Μ110. 81111011, 6010 11651300 3001 1733, 57 611 0113 11311160131, 11601611-
00 licencia 31 Ρ. Μ110. Μ1100 11313 57156 [3] 1660061 y 1611053156
en 8311 F 1115; 1101006, 003010 3 1111 31 Β13511 0 3 (3316100113, 616.,
’3170006 11313 113113131 16 00 1311303 170Ιο0130, 505 001606135 57 1110-

 

¹ POLANCO, t. 11, pag. 703, n. 626.

