874 . EPISTOLAE MIXTAE- 501

6501101656 3 V. Ρ., y 16 01656 0116013 06 1000 10 0116 11353, 11313
0116 60 1000 11101163 00100 11613 00001606 1035 31 561111οἱ0 06 01165-
110 86001.

1111600 00100 13 0353 56 00101110, y se 00106000 3 06211, 0116
avyan 06 venir 3 6113 105 Ρ30165 06 13 0010113013, y tener yglesia
y 53013106οῒ0, 105 17621005 31011005, 0116 00 113130 60 10 exterior
(16 561 011157 06110105 3 65135 00535 06 16110100, 001060031οο 06 111111-
1011131, 01216000, 0116, 00100 56 3ν13 06 0111111 0116 6510016560 16-
11010505 130 0001110105 y vezinos 3 5115 10006165 y familiaS, y que
no 1111016560 016063156 sin topar 60 61 53013106010, y que 65131130
5115 10006165 31301300056, 6 0116 135 1161130 105 Ρ30165, 6 165 000-
131130 105 11003005, 00100 01260. Otros, 50 65116016 06 1035 16110100,
062130 0116 00 6513113 3111 61 53013106010 0606016106016, 60116 03·-
535, 0115705 651311105 16511000130 31 111031 00006 6153013106οῒ0 avia
06 65131 6 56 31713 06 06211 13 10153.

Ὲ1031106016, (1116 16173013οο5 105 17621005 000 65135 0111010065, 6
0611111300056 (160110 06 0353 10 0116 613 0606553110, 06 113116 (161
111001113οο1 0613 0111030, 510 65131 3170 105 Ρ30165 060110, 55700
6513000 13 0353 por mya, 6101131031οο 13 01113, 6 56 103000 0116 no
56 11121656 1035 0303. De 10 01131, 113165016000106 0116 613 10011100
por solos 105 17621005, 106 30131116 01216000, 0116 30116113 0353 613
10573, 6 0116 570 60 6113 110013 113261 10 0116 0111551656, 00 1311130οο
06 fuera 0303, y 116116 31 0011601001 3 13 1161030, 60 10051131, (1116
31157 1101 60100065 00 56 113213 57016513, 057 0113 0053 0116 00 111656
101157 0010110 6 3005101001303, 57 113165οἰ0 0116 56 531150216100; 1035
000 10110 00 3103100 61 6101131οο. Lo qual visto por 61 56001 000
Η6103000, y 601600100 0116 61 0600010 no 56 11313113 1101 50105105
17621005, 55700 1101 1000 61 16011016010 6 justicia, 010600 0116 105
Ρ30165 56 60113560, 6 570 165 11121656 00030100 06 13 0353; 613-
11130οο 00010 60 0353 511573, 10103100 3 6101131031 06 113116 06116-
011016010, 01216000 10 0116 573 31713 170 300 0116 1605730 30010300
60 5601610, 0116 00 311130 06 000560111 0116 17111656 1035 religiones
06 135 0116 31713, 11010116 13 0111030 6513113 101157 0310303 06 031035
06 1611010065 0116 00 110013 1161131, 6 0116 00 1111016000 103016061
3 105 30110005 100035161105, 0116 no era justo 56 600310356 06
103016061 01105 01161705, 1101011613 0111030 160573 1131105 1116010300-

