108 EPISTOLAE M1XTAE-212

300006 vimos que habia 1116110 60 61011131 61 vn breue sin el 0110,
060331003 006, 600 63616011 510 3006110,οο 36 0636051031130 06 po ·
ner 60 61 3600000 111606 103 0006103 principales 006 131131130 60
61 01110610, 06 103 003163 61 1033 importante era 61 06 13 00031100
0 6006633100, 006 63 61 51111100, y 63611016000 006 00 36 00013
300100661131 06 30061 310 61 0110, 16 6101113130 600 1003 111606-
030, y 3 6316 110, 600113 101 03163661, 6101110 dosia Α100003103 36-
16013 0063003.

De 10 016110 36 00606 60116011 60100 61 111606 3600000 006 36
113 6101113οο 63 (16 060000 vigor, por 361 1000300 60 13 00031100
imaginaria 006 0160330 haber 66110 61 60036103001, y habia de
361 611 13 006 haze 61 0303 3 3000116311όο (161 60036103001, y 16-
016000 6313 6006603100 00 613 0666333110 6316 111606, 3331 como no
63 1131100 310 6113.

Το00 61 1116110 06316 0600610 1116 06130300 510 006 6313 611 110
6016006116, 001006, 316000 1161030 10 0116 83061361οΖ 106 63611010,
006 613 0333303 60 3510031013 13 300011631100 061 60036103001 06
13 11130613 006 13006113, y 006 0630003 06 60066010313 6110601311
001 (103 1116063, 63 06 61661 006 16031116100 10 600660100 'en 13
300011631100 60 003 031163, 13 vna que contubiese' 10 600160100 y
600660100 60 13 016113 3000116311όο 11331313 6000110311όο 0613
600601013 106103106, y esto 63 10 006 vino 60 61 0111061 111606, y
13 0113 10 006 16313113 60 13 (116113 300011631100, 006 613 13 0003-
1100 y 6006633100 061 0303, 06 63133 63333, conforme 3 13 600-
601013, 31 60036103001 y 3 0003 Α100003 001 303 0133, y 0630003
(161103 3 13 (30100300131 y 6310 1131113 06 venir 60 613600000 breue
que falta, 60 006 fu& 1603111οο 10 3000116300 y 513 60066010ος y
3331 16000 0313 101 006 6336 111606, 006 113103οΙ3 61661100 061 v
60116010, 63 10 006 ἰ3113; y 31 1101116130 601600100 61 0600610, 16
1101116130 6101013οο 600 61 01101610, 0 30001 00 1101116130 6101113οο
310 6316, y 31 103 003 1101116130 1160100, 513 fuera 6316 0600610 600-
610100 0133 ha.

Si 13 6033 63 60100 510 016030 51 3001 0100, 10 006 351 006 30-
061111 63, 006 101160 103 0006103 01106103163 06 13 300011631100, y
000030 60 636 breue 10003 103 006 36 061131οο 60 61 01110610, y
13 61311030 06310 36 336313 16016000 1660130 313 1063103 suppli—

