444 EPISTOLAE M1xTAE—336

grandes 3131130233 31 Sefior, 1101000 100 3010100 000 13103 110130-
033 visitat 30001 11001110 000 00111113. Ι)0311003 00 3001 1110010300,
30 1110100 103 Ρ30103 3 13 17010313 mayor, y era tanta 13 00010 000
103 300013, 000 0331 no 103 00113030 30031, 1001000030 1101 bien-—
3000101300 01 000 103 110013 31030231 3 001, y mucho 1033 01 000
103 110013 10031 13 10113 0 110331 13 10300; y ansi 100 1301313 00010
000 00110 0013 17010313 000 01103, 000 no 113113030 10031 00000
110001 10110331, 01 3311313001 3 103 000 103 venian 3 001 y hablar.
> - Un poco antes que 30311330 01 Μ110. Juan Α103102, 33110100
01, Ρ. Β3011313 y 01 Ρ. Ηο103003103102 00 13 1003103 1030013, 310
03113103 y 031233 y 11000103; y 30111030 01 Ρ. Β3011313 sobre 0113
10033 31 0110 030100 00 13 111323; y como ya 3010 0000011100 mu-
cha gente 31 3011000 001 10303110, 00100203 30 11003100 31 001
P. 133011313111001103 01011003, 0303110103, 10010300103 y 000033,
000 100 0033 103130111033ς y 01010 0003110 80001 130 0130 feruor
y fuego 00 311 31111113, que 11310010 000 311133303 3 103 01700103.
Ρ100103113 013 y media 000 0130 03100120 y 2010; y 3031130οο (10
111001031, 100 13013 13 00010 y 01011003 (1110 103 310010100 113313 13
57010313, 00000 0313113 00000113ᾶο 000 30 10013300, 000, 300000
013 grande, no podia 031101 00 11103, y 0313000 00 13 17010313, vi-
010100 10001103 0303110103, 01011003 y 10010300103 3 10031 000
1000113 103130013 y 10123000103 000 100300 3 303 03333 3 comer, 0
3 03131 3 10 010003. Υ3 000 0310 00 001310300, 000 101113300111003-7
033. Εο11010 0100003 0033 no 30 10100 01 30 00000010, 30103 30 103
persuadiaque 10 000 103 30130 00 (131 3 01103 30 (11030 3 01103 po-
11103, 1101000 01103 3013 13 11011113 001 80001 y 13 331030100 00 303
30111133 11101000100. Y 1101000 00 3000113 17010313 013 13010 01
1101101 00 00010 000 170013 y 30 3111013030 00 0130 1030013 1101103
1701 0 31030231 3 10031, 001110230 103 1033 0310123003 3 113201 03-
mino y 110030103 311103111131, 00000 30 01Χο 3111113 000 no 103 qui-
310100 10001111 13 000110 30103; y por 010130 1101101 00 13 00010, 00
11003000 00113100 133 11001133 1101000103 00113300 003030331. En-
11010 00 31110000110 0310 0303, 1101000 10031713 3011101οο y 10001103
0303110103 y 10010300103 y duefiaS, 3 00100 00 30 podia resistit, 3
001103 en vna 3313 grande, y 01 Η. Μ110. Α103102, 00100 1710 13013
00010, 1000100 y ayudado muy 11311100131100010 1101 01 31111110 001

