¹70 EPISTOLAE MJXTAE-233

por amor de 111163110 861101 1101103 61 remedio que 63 11161163161,
11010116, 31 110 36 110116, yo 3311116 muy 11131 (16316 11600010, 1101 361·
0033 0116 131110 1116 5711110113, 3331 3 10 631111111131 001110 3 10 1611110-
131. Suplico 3 V. Ρ. 1116 saque (16316 11311310, 111163 1101 6313 via
161100 (16 361 yo medio para que no se pierda 13 perpetuydad del
361111010 (16 Dios 611 6313 0333, 011663 10 0116 11133 3161116 1111 alma,
y por 10 0116 yo 11133 11311310 611 defenderlo, ν1611(10 0116 10(103103
0311111103 0116 11113 116111131103 111130311 3011 11313 631011131 6310, y po·—
(16110 611111631 611 11303 1110111131103; y si ellos 111111633611 1111611 (1616·
0110 611 10 0116 11161611(1611, 9331111311 60110 31011113 0033 1101 11311111-
1103 (16 justicia, (1631111εέ3 0116163 11163611131011 103 1116ν63; 11133 3313
3013 110 311 60110 11133 (16 311613136, 1131601611ᾶΟΙ63 (1116 110 31113
111110110 0116 113261 -611 3301131 vn 0011113 breve, 0116 3011 00333 0116.
36 31161611 113261 611 Roma, 3601111 (112611. Y 11313 6310 0116 36 3 (16.
16111611131, 31 3011 11161163161 11133 (11116103, 311111100 3 V. P. los 101116,
111163 116116 06(111133 11313 110(161103 1011131. 5601111 311 6301110 31Η
P. Roxas, no 311 101113ᾶο 3ν1110 0116 3 00313ᾶο 61 breve que V. P.
1116 3 ynbiadO, para 61 (11131 3613 11161163161 1011131 (161 1131100 (1162 (1
(1026 (11103ᾱο3, 0116 assi 10 6301111611 31 P. Roxas, y juntamente.
0011 63103 110(113 V. P. 1011131 01103 (1026 (161 mismo 1131100 11313,
0116 36 6311133 13 1111113 (16 13 616011011 (161 00116010. Ρο1 10 0116 1003
3 13 Compafiya, yo 010313 0116 36 1116 60116 3 1111 01161113 6310 0116
(1100, y 31711,“31 63 11161163161, 11133, 11010116 36 303116 (16 espedir y>
tenga 61 0111111111111161110 0116 00111116116 61 11600010 (16 6316 00116010;-
y los portes 'de 133 031133 110(113 V. P. 111311(131 1011131 (161 mismo
banco. En 10 (1611133 0116 yo podria eseribir sobre este 11600010,
1116 16111110 3 13 03113 (161 P. Roxas, avnque no 61110 0116 (1126 0116·
quedam-²: 0116Χο33; 11010116, avnque ubiesse 31011113 salta en 10 0116
1003 3 1111 (16160110, 111163 61110 11111101113111013 171116336, 0116 63 611 10
0116 1003 3 13 perpetuydad (16316 00116010 11313 13 Conpafiya, por
10 (1611133 11111103 yo me quexaria, 111163 161100 111161101011 0116 avn
esse vsofrueto 0116 61 113113 1116 001106(16, 31 6313 11600013ᾶο 3601111
13 31111110301011 0116 yzo mi padre, que 6313 611 010113, (16113110 (16
00231, 11010116 111600 36 11116(13 fundar aqui 13 Compafiya, 11010116
6313 3 361ᾶο 316111116 1111 ynteneic'm, por 61 111ον60110 0116 (16310
11161130 3 de redundar 31 311113 (16 1111 113(116 611 0116 36 011111113 10

