722 EPISTOLAE MixTAE-44z

36 0026 60 61 86001, 0300016 gracias 061 11060 61100 006 Ι)103
1101 30 infinita bondad 36 ha 3610100 031 3 63(6 0600610, 60 006
(30(0 113 0061100 manifestar 361 01113 06 303 103003.

El Padre don [600 ¹ partic 06 3001 11313 Lixboa, mediada 13
60163103, 11310300 061 Ρ. Μ(10. 810100 11313 31003136 061, 61616000
006 (6013 06 60016331 61 1657, y 006 11313 630 16 31713 S. A. 610-
biado 3 1131031. [160300 61 (1610110 06 13 6001633100, 170 013 30(63
103000 S. A. llamar al P. [013 80023162, y 16 01Χο 36 006113
60οΓ63331 600 61, 3 10 006 [013 80023162 1631300 quanto 11000,
0616001600036 600 30 11063 6030 y insuficiencia (16 16(133, 0113163
60006013 (001636 11313 36106130(6 63100; y (0031713 103131160οο 61
1657 600 10061133 1320063, 36 17100 finalmente Luis Gonzalez [3]
16101((11 ala obediencia, y ansi 36 33110 (311 30003(1300, 006 no
sabia 006 11326136; y 10600 06 11313610 6101010 61 Ρ. F rancisco An-
110062 31 Ρ. Μ(10. 811000, 1132160οΟ16 16006111060(03 06 1131(6 06
Ι)103 16 11111336 06 3006113 3000573, 57600036 fuera 06 6333 11313
006 61 166300 (161 1657 00 16 311336, 61 0031, 3170006 36 00110 06 311
(1311310, 110 16 11316610 006 60006013ε y 311300016 61166300, 36 106
31 1657, 61 (11131 0300016 1131(6 06 13 6033 (no 3111 1003(133 06 311 mu-
cha vertud y humildad, 01216000 (1116 3357 601110 [013 60023162
6001633303 3 (0003, 6001633336 (31011160 3 61, 57 0(133 113130133 36-
106130(63) ² 36 17100 finalmente 13 6033 3 60061011, yle 0110 06 600-
163331 61 013 36001οῒ6, y con 61 Ρ. Μ(10. 511000 631000 60(00663
10060 13(0 11161131300036 11313 13 6001633100, 601000163000 600 61
, 60333 0101 1131(16013163; y 13 631133 (16110 57 06 0(133 36106130163
06Χο 06 3616011, 1101 61 0106110 11611010 06 103 (16101103 y 63101003,
57 006 00 1760030 63(33 60333 3 1113003 306033ε 1101 10 0116 366163
06 6310 106 16101(0 3 1703 061 Ρ. [013 80023162 6361111(3 06 ³

Quanto 3 10 3600000, 31716000 61 Ρ. Μ(10. Μ1100 166111100 133
113(60(63, como 0100, pensando y tratando 1111111610 60100 106101 36
1100113 effectuar 610600610, 573 006 011110 modo conuenia 13 176-
0103 57 1116360613 061 doctor Το1163 11313 6110, finalmente 36 17100

¹ P. Leo Henriquez 31176 Ε11110062.

² POLANCUS, t. 11, pag. 687, n. 596.
³ Spatium hic album relictum est. Porro epistola 06 qua agitur, ea est

quam laudavimus, n. 436.

