580 EP1sTOLAE M1xTAE-—383

6011 perseverantia le 31111611, 366 35761111116 61 61111116 66 V. R'. 1112,
111163 6011 16 0116 611 3113 661163 66, 1116 01116; y 16 366 misericordia, .
111163 6011111100 16 ν36; 57 16 366 0020, 111163 6011 3113 661163 mele (16;,
y tandem 16 366 61 111611110, 111163 570 110 161100 6011 0116 116061. 1303
661163 66 V. R. 6 1636111160, 163 0116163 570 110 311616116, 11010116 no¹
163 1116163616; 16 vna de 1111111610 66 ]111110 y 16 0116 del 1111111610 (16
Juli0. El 861101, 0116 111311116 y 6571166 11616 0116 36 361111163611, 1116-
11116 163 36111163, y 6571166 11616 0116 01163 1111161163 36 361111611 6 010116
311576 y 11101166110 (16 103 (1116 163 1636111611.

Las facultades 10663 0116 V. R. me 61111116, 16361111. Ρ1606 61
861101 0116 570 35761111116 1736 (161163 conforme 6 311 voluntad, y 61
(16360 y 1116116660 66 V. R., 0116 570 631 6011110 0116 11616 6110 311
1116063161 110 1116 1160616 311 gracia y fauor. ,

Quanto 6163 60363 66 666, 36116 V. R. 661110 570 631057 fuera
de Burgos: 3611 11616 (161 6116161603 spirituales hasta confesar geu
11616111161116 6 603 66116111οο3 66 16 6111666, y 6 0110 0116 6 3160 66-
11611100 66 Ρ61611116. Ε 576 66611660 66 0571 6 103 603 (161103 06116-
16111161116, 57 61 1616610 66611616 66 0571 6316 361116116 0116 1116116, 6011
61 fauor diuino. Juntamente eon 6316, 611 16 61666 (101166 63105*
junto 66 13111003 6011 63103 36110163 66116111003, 657 vn monasterio·
de monjaS, 601166 570 6 1116616660 6666 (116 66366 0116 1160116 116316
6162 6 (1026 36111101163, 611 103 (1116163 13103 111163110 361101 6 111011160
y 6011301660 1111161110 6 1066 60116116 6636. Α6611660 (16 confesar 6
63103 36110163 6606111003, y dandoles 6101111 111060 66 36 16011 y
conseruar 611-61 1611101 57 611101 66 13103 11616 66 657 666161116, 1103.
1011161611103 10603 6 13111003, 601166 576 1103 631611 3116161160 6011
mucho 66360, 3601111 6 61116116160. 8616 6116 6011 61 61111110 fauor·
1161661 1111111610 66 Αο0310.

Quanto 6 10 661 60116010, 570 3611110 61 Ρ. Μ110. Ρο161160 ¹, y 61
16161116 10 0116 11636. ΕΙ H.0 861116 C1uz ², mi 6011111611610, 6316
11116110, 57 1111157 1600611660 6011 16 66116 0116 66 V. R. 16576 57 601116
(1116 66 311 116116 61 Ρ. Μ110. Ρο16116016 36111116, 57 11616366 0116, 3111
11611361, 111163110 861101 16 6 611111111160 3113 663603. ΕΙ 63, 616110,

 

¹ Vide epist. superiorem.
² Joannes Santacruz.

