796 EPISTOLAE M1x‘rAE-—471

Gomez, disse (1116 1160 331113 36 13213 ben 1661 3(111613 66116 (16
1110ἀο (1116 611 6 011111336. Disselhe outra vez (1116 1126336 601110 111111101·
1116 1131666336. Ε folguei de 11611331 61 (1116 361113 611 16111 1101160 (103
1161106103 (16336 6333. Α111(13 (1116 611 1116 1111113 perguntado se viera
el por ali, 6 achei que 1160 viera por hi; 6 0 111631110 Luis da 816
1116 (11336 6131311161116 (1116 1160 011113 116111 161313 6011 616, (1611013
(11161161 311 11633616 11316 11 6011 mestre 83111160.

Α66116(13 (16 1661 3 66116, 6011166311103 6 13161 (163 6011363 (16336
6333 6 (103 (1116 6160 1013, 616. Ε 616 1116 (1611 601113 (16 601110 por
tentado‚ 30 (1116 1116 11316616, 0 161163160 (16 (3011111116, 6 (1116 1110
(1133616 0 Ρ. Μ31160 (111611ᾶο 36611 6011 616 11313 Portalegre, 6 (1116
616 dissere muytos dias 311163 3 alguums (16336 6636, (1116 0 31116 (16
1111111616111, 6 11016111 (1116 36 6111161161160, (1116 616 1160 6316113 161116-
(10, 110310 (1116 3611116 111113110 03 (1116 (16 6336 36 363160, 11013 110330
86111101 03 1101111613 6 3 Companhia, 6 (1116 1160 sabia (1116111 11011 613
131166103 6331. Eu aqui, 11613 ver 36 616 1111116 3111111116 601136 611611-
116116, 1116 fiz de 3116 113116, 6 1116 (11336 (1116 0 Ρ. Μ611061 Godinho
11316616 algumha 601136 1111111030, 6 (1116 1160 16216 111113110 6330 (16
1311661 1013 111111 1111160, 6 11016111 (1116 13 (1116 613 3111161101 6 110330
86111101 6331 0 01(16113113, (1116 3111611103 (16 obedecer, 6 cegar 111330
11030 11316661. Ε16 respondeo (1116 (11161110 613 (16 0116(11611613, (1116
11111163 110330 86111101 1116 13113 131110 11131, (1116 10336 6011113 616. Ε
111(13 (1116 0 16116633611 1013, (0 (1116 3 6111601116 11111116 3 1161136111611-
10, 361160 (1116 0 (16213 1101(1116 0 3111116 assia 611 3113 611116) (1116 tudo
36116 1136 6 06316116 011 3 Roma ond’ 6311613116 (1116 0 166011161160.

Quanto 60 (16 11163116 8111160, 611 (1116111 ν1611103 3 16131 (16311013 (16
’ 1111161133 111611633, 1110311011 (161361116 1101160 1101 3113 1(13, 110310 (1116
6 31111113, 601110 1116 11316613 (1116 616 16260, 611016111 (1116 1160 361116
(1113111 11011 1110ᾶο 36 1111613 6011 61 611 0 (161101 (10 officio 6 611 01111ι-
11131 6 (ἶ331613ς (1116 36 podera 13261 111611101. Ao que 611 1116 (11336
(1116 1160 613 110330 6011(1611311330, 116111 6111611(161 611 6110, (1116 per—
1611616 303 311116110163, 6 (1116 1101 1330 611 1111113 11616 1111 (1116 36 1160
110(1613 13261 111611101. Ρ31666111116 (1116 110 (1116 131011 6011 11163116
83111160 1130 36113 111313 (1116 301(13(163, 6 6011161 (16 601110 66 63 6011-
363 11661160 1161(11(163, 6 36 311160 (16 1161(161. Ν60 1116 01136161 affir-
11131 36 1163 011113 601136 611611106113, 110310 (1116 1116 1161666 (1116 1160.

